new gaussian 
 Mu: [ -6 -10  -5   7  -3]
 Cov: [[2.04351421 1.45808585 1.17307928 1.96056537 1.47423857]
 [1.45808585 1.63262893 0.68580484 1.67732485 1.44996315]
 [1.17307928 0.68580484 1.15915716 1.17154471 0.72567695]
 [1.96056537 1.67732485 1.17154471 2.31652883 1.46642468]
 [1.47423857 1.44996315 0.72567695 1.46642468 1.53968795]]

new gaussian 
 Mu: [ 0 -7  8 -7  4]
 Cov: [[2.29475022 1.92365973 0.92467055 0.91301956 1.76871567]
 [1.92365973 1.95439915 1.00378785 1.04256878 1.73631447]
 [0.92467055 1.00378785 0.81820005 0.79847488 0.6345105 ]
 [0.91301956 1.04256878 0.79847488 1.03391613 0.77119729]
 [1.76871567 1.73631447 0.6345105  0.77119729 2.03680797]]

new gaussian 
 Mu: [ 5 -4 -7 -8 -7]
 Cov: [[1.25477795 0.86157948 1.07379486 0.73886292 0.86797496]
 [0.86157948 1.62020202 1.21946918 1.1538762  1.4362844 ]
 [1.07379486 1.21946918 1.30629841 1.1079714  1.35156974]
 [0.73886292 1.1538762  1.1079714  1.12114711 1.20898098]
 [0.86797496 1.4362844  1.35156974 1.20898098 1.61214909]]

new gaussian 
 Mu: [-8 -6 -3  5  4]
 Cov: [[2.54277366 2.24400496 1.29916507 2.12136292 2.44484418]
 [2.24400496 2.59342027 1.46575382 1.86105809 2.05579516]
 [1.29916507 1.46575382 1.05194927 1.29855616 1.28810819]
 [2.12136292 1.86105809 1.29855616 2.03975312 2.12574273]
 [2.44484418 2.05579516 1.28810819 2.12574273 2.45253816]]

